07862265412
7862265412
447862265412
05307886242
07869167503
07715345399
07835005999
07966039557
+447862265412
07761698700
07765677601
07783568434
+234 813 255 0246
+44 7305 382640
+44 7305 656752
+44 7305 820497
+44 7306 820924
+44 7311 193097
+44 7340 221178
+44 7341 115548
+44 7359 198552
+44 7359 630611
+44 7367 066998
+44 7368 472376
+44 7368 843138
+44 7376 015540
+44 7377 263103
+44 7380 798344
+44 7380 965900
+44 7383 099446
+44 7388 562669
+44 7393 023838
+44 7393 062642
+44 7393 183218
+44 7394 992400
+44 7402 265880
+44 7404 873200
+44 7405 392635
+44 7405 804476
+44 7410 984047
+44 7411 109955
+44 7412 639483
+44 7415 295953
+44 7417 426207
+44 7418 397239
+44 7423 546800
+44 7424 068277
+44 7424 341583
+44 7424 610023
+44 7424 669039
+44 7425 295465
+44 7427 407924
+44 7428 589207
+44 7429 136060
+44 7434 928290
+44 7440 420297
+44 7440 723843
+44 7442 280842
+44 7442 383392
+44 7447 120916
+44 7448 563535
+44 7453 884334
+44 7455 001755
+44 7459 709782
+44 7466 203828
+44 7466 479084
+44 7466 675459
+44 7469 879546
+44 7469 959765
+44 7472 245169
+44 7475 776593
+44 7476 440589
+44 7476 633393
+44 7476 911175
+44 7477 034482
+44 7477 846071
+44 7478 767371
+44 7479 480883
+44 7480 306803
+44 7480 466799
+44 7481 354413
+44 7484 792517
+44 7494 465855
+44 7497 521126
+44 7498 992289
+44 7500 888010
+44 7501 161372
+44 7502 432693
+44 7504 464054
+44 7507 317771
+44 7507 934796
+44 7508 439430
+44 7511 835063
+44 7514 591833
+44 7518 139597
+44 7521 635453
+44 7522 600421
+44 7523 226421
+44 7523 446508
+44 7526 854346
+44 7527 521520
+44 7530 651501
+44 7534 366490
+44 7538 406377
+44 7538 446205
+44 7539 078588
+44 7539 543829
+44 7539 969632
+44 7540 054385
+44 7542 607028
+44 7546 891990
+44 7549 836615
+44 7549 914795
+44 7551 201350
+44 7552 150224
+44 7557 529118
+44 7563 930272
+44 7565 522567
+44 7568 934074
+44 7572 699177
+44 7583 840140
+44 7584 191465
+44 7584 497962
+44 7587 005116
+44 7592 072000
+44 7593 501047
+44 7593 561165
+44 7597 748543
+44 7706 903202
+44 7707 140084
+44 7707 735738
+44 7707 811688
+44 7708 096420
+44 7708 234071
+44 7710 676399
+44 7711 164173
+44 7712 102558
+44 7713 277168
+44 7713 467185
+44 7714 004521
+44 7714 064851
+44 7715 345399
+44 7715 363418
+44 7718 665296
+44 7722 808514
+44 7724 229703
+44 7725 072105
+44 7725 582071
+44 7737 366494
+44 7746 195730
+44 7746 382242
+44 7747 773150
+44 7751 981205
+44 7753 268473
+44 7754 754240
+44 7759 946411
+44 7760 815910
+44 7760 839430
+44 7762 055281
+44 7762 266186
+44 7763 898677
+44 7767 196296
+44 7767 908570
+44 7767 956361
+44 7769 850952
+44 7771 687063
+44 7774 163814
+44 7774 285497
+44 7776 617135
+44 7776 805316
+44 7777 495490
+44 7780 376240
+44 7780 398829
+44 7783 480409
+44 7783 622583
+44 7783 854405
+44 7785 628372
+44 7786 664529
+44 7790 870674
+44 7791 141987
+44 7791 582548
+44 7794 398303
+44 7795 503193
+44 7799 912831
+44 7800 562910
+44 7800 796827
+44 7808 841875
+44 7809 462646
+44 7811 669990
+44 7812 341933
+44 7813 825265
+44 7814 430067
+44 7814 604885
+44 7816 559418
+44 7818 678827
+44 7824 097801
+44 7824 805108
+44 7826 523869
+44 7827 014322
+44 7832 260805
+44 7835 992253
+44 7837 365934
+44 7847 658696
+44 7850 490705
+44 7850 574485
+44 7851 347760
+44 7852 310638
+44 7854 444457
+44 7858 692431
+44 7860 848786
+44 7861 858462
+44 7866 970293
+44 7871 828962
+44 7873 218337
+44 7876 721926
+44 7877 858337
+44 7878 163190
+44 7878 888017
+44 7878 888374
+44 7880 883938
+44 7889 675440
+44 7890 881143
+44 7895 644168
+44 7899 602531
+44 7900 917880
+44 7903 824467
+44 7908 637780
+44 7912 555570
+44 7916 955831
+44 7925 429857
+44 7927 181537
+44 7927 757717
+44 7930 829498
+44 7931 586442
+44 7932 444827
+44 7940 165557
+44 7940 200315
+44 7941 772625
+44 7943 001745
+44 7944 767444
+44 7946 405976
+44 7949 910102
+44 7957 969228
+44 7958 270073
+44 7960 174803
+44 7960 672509
+44 7960 889907
+44 7961 086763
+44 7963 118303
+44 7969 107161
+44 7973 296243
+44 7973 371127
+44 7975 770861
+44 7976 255080
+44 7977 403022
+44 7981 749313
+44 7982 906415
+44 7982 911574
+44 7983 700474
+880 1908-483209
+880 1935-652610
+880 1981-203850
+92 324 6876816
+92 341 0662680
07301145730
07341974143
07753218703
07813825265
07872967425
07955051990
01162793991
07304067796
07387960860
07393183218
07434928290
07480248097
07551955166
07738007877
07885379538
07949484974
7847658696
7862265419

01162788912
051089376
07340928839
07349615804
07366242292
07378888673
07417509009
07425137990
07462604692
07471501227
07474888224
07479932893
07484389116
07515865033
07517875732
07542866815
07557397178
07572295154
07588689018
07715281211
07717189445
07718076765
07730466974
07732388624
07737814092
07791149858
07809761354
07818632275
07834830434
07862 265712
07862265432
07866434322
07869512461
07872039617
07877811143
07931416366
07964865330
07976626922
7747648311
7753268473
7862 265412
+34 633 75 46 89
+44 7304 067796
+44 7305 009168
+44 7310 097187
+44 7349 615804
+44 7355 077129
+44 7366 242292
+44 7378 888673
+44 7387 960860
+44 7393 171112
+44 7418 634140
+44 7419 818090
+44 7425 137990
+44 7443 674755
+44 7447 202123
+44 7447 636701
+44 7449 956291
+44 7453 290180
+44 7456 710294
+44 7462 188990
+44 7462 604692
+44 7463 984599
+44 7464 694904
+44 7465 445223
+44 7473 077479
+44 7474 888224
+44 7480 248097
+44 7487 272893
+44 7490 086791
+44 7491 110199
+44 7491 899824
+44 7493 244337
+44 7494 482954
+44 7496 034242
+44 7500 422037
+44 7506 746082
+44 7507 598239
+44 7507 792219
+44 7508 282072
+44 7515 865033
+44 7517 875732
+44 7521 142860
+44 7521 633525
+44 7542 866815
+44 7545 487329
+44 7548 142166
+44 7553 882560
+44 7554 115778
+44 7557 397178
+44 7557 525197
+44 7562 754399
+44 7565 428783
+44 7565 453646
+44 7565 807629
+44 7570 059426
+44 7572 499822
+44 7572 779643
+44 7576 731189
+44 7577 372549
+44 7581 340802
+44 7581 581301
+44 7583 111261
+44 7586 268700
+44 7586 684164
+44 7587 536668
+44 7588 689018
+44 7596 884298
+44 7597 230121
+44 7702 258472
+44 7704 229126
+44 7707 745696
+44 7707 962002
+44 7710 014465
+44 7710 247811
+44 7710 476823
+44 7711 996395
+44 7717 570773
+44 7718 076765
+44 7718 701543
+44 7721 549493
+44 7723 005600
+44 7724 267424
+44 7728 619293
+44 7729 717952
+44 7729 764882
+44 7730 403638
+44 7730 897868
+44 7738 007877
+44 7738 821897
+44 7739 425553
+44 7742 035108
+44 7743 969637
+44 7747 648311
+44 7753 408372
+44 7760 328815
+44 7761 698700
+44 7766 761802
+44 7766 763506
+44 7768 394778
+44 7771 119254
+44 7772 584150
+44 7774 623728
+44 7783 753751
+44 7786 966950
+44 7786 992008
+44 7788 671496
+44 7789 906208
+44 7793 029139
+44 7794 592021
+44 7794 937374
+44 7795 006534
+44 7796 655829
+44 7808 556342
+44 7809 763590
+44 7815 612521
+44 7824 333925
+44 7824 884234
+44 7825 249495
+44 7827 913217
+44 7828 461928
+44 7828 686883
+44 7834 830434
+44 7835 005999
+44 7835 776659
+44 7838 544925
+44 7846 440207
+44 7852 183331
+44 7853 840899
+44 7855 125898
+44 7857 429303
+44 7866 434322
+44 7868 178156
+44 7869 512461
+44 7871 710378
+44 7871 854611
+44 7872 039617
+44 7872 065777
+44 7872 967425
+44 7876 486799
+44 7877 711462
+44 7881 294948
+44 7883 345172
+44 7883 790331
+44 7885 379538
+44 7885 598303
+44 7894 745524
+44 7896 816722
+44 7908 453915
+44 7908 915230
+44 7908 995784
+44 7910 756226
+44 7912 040507
+44 7912 877437
+44 7915 285418
+44 7918 993255
+44 7920 515806
+44 7920 764084
+44 7926 162109
+44 7927 297553
+44 7928 268788
+44 7933 010574
+44 7935 436063
+44 7940 781004
+44 7941 100880
+44 7944 756628
+44 7946 531123
+44 7947 677504
+44 7948 600860
+44 7949 923723
+44 7956 546946
+44 7956 641255
+44 7957 437517
+44 7961 550651
+44 7963 558617
+44 7964 865330
+44 7966 039557
+44 7966 092839
+44 7966 258068
+44 7967 409222
+44 7970 283541
+44 7970 291565
+44 7976 621491
+44 7976 626922
+44 7983 806348
+44 7984 687326
+44 7990 306905
+44 7999 281613
+880 1345-740142
+880 1585-567414
+880 1764-785229
+880 1830-761361
+880 1884-637304
+880 1947-012029
+90 850 532 7356
+92 370 6473397
+92 370 7761753
01162621999
05108937612
0510893776
07308 778884
07308778884
07310097187
07359397945
07359498285
07378828404
07380798344
07397899016
07419818090
07447202123
07447202147
07448604958
07449956291
07459709782
07463064495
07464694904
07465448053
07487272893
07493244337
07501161372
07517203867
07534331768
07539560651
07552871142
07553 882560
07554115778
07554249669
07557525197
07562999485
07563079777
07572499822
07581 340802
07581 581301
07581581301
07596884298
07704 229126
07709949721
07710014465
07710247811
07717570773
07718701543
07721549493
07723089246
07724900409
07738821897
07747648311
07757806715
07760328815
07762266186
07772584150
07783753751
07786992008
07788671496
07800562910
07803616842
07805590570
07807416561
07808841875
07824333925
07825249495
07828461928
0785225412
07854444457
07855125898
07856984068
07857429303
07862 265  412
07862 265412
07862265418
07872065777
07880852757
07883345172
07883790331
07886502547
07894704451
07894745524
07896816722
07912123456
07915285418
07927297553
07944159797
07944923962
07946531123
07947677504
07949923723
07950484632
07957437517
07960889907
07966092839
07967409222
07970283541
07989332198
07990306905
07999281613
447700900000
7471848536
7762266186
7852254452
7862 265712
7862265425
7862854412
7882522653
